15032
15536
15049
15064
16471
14238
11023
11308
16344
14700
14601
15067
16703
16382
16381
16378
15780
14249
15269
15189
11576
11490
11703
16700
16454
14808
14725
14731
15066
14587
15225
15320
15018
16459
14191
15330
15596
15930
11792
16360
15749
14420
15033
14417
14421
14407
14186
14863
15660
15471
11598
15629
16324
11885
16731
16733
16729
16735
16726
16732
16734
16730
14540
16727
14678
15486
14854
12010
13737
10974
13492
12036
13368
10349
11373
11492
11982
13606
11879
13972
12985
16799
16822
16719
16023
10715
10907
11628
12144
12234
12227
12247
14574
12411
12050
12698
12304
12721
10486
13401
11585
14486
11662
16748
13341
11253
11638
11932
10426
10062
11067
12664
16248
10768
15523
13351
12634
13440
13472
11141
12964
15908
15663
12020
11523
11797
11405
10045
10902
12336
14602
15350
10940
15335
10082
11146
11144
15644
10802
10492
10805
16773
16176
16772
10541
10923
11011
10954
10665
10238
10301
16804
16778
16782
10327
10694
16805
10682
10978
10550
16775
11114
10973
10347
10846
10028
10971
10292
16827
16846
16828
16850
16845
10374
16844
16842
16829
16831
16843
16836
10310
16848
16851
12064
16849
16228
15633
16752
12778
10972
16590
10621
16223
11007
16577
16578
16609
16606
13284
10543
10071
10861
16222
11163
16586
16227
10787
11596
11324
11348
16794
11290
11249
11252
11416
11724
11339
16531
12923
16797
12767
12219
11765
11224
11546
11920
12052
12058
12115
12392
12706
12783
11389
11857
11872
11332
11708
11211
12265
11215
11501
11874
10328
12580
11337
11033
11043
11055
11354
16260
11502
11898
11326
10813
11663
12888
11325
11567
11343
11345
11344
11341
11835
12015
12763
13682
16800
16883
14635
13395
10101
10658
13073
12975
11829
10387
16777
10001
11513
16177
10719
10084
10668
16885
16886
16887
16888
16889
16890
16891
16892
16893
16895
16896
16897
16898
16899
16900
16901
16902
16903
16904
16905
16906
16907
16908
16909
16910
16912
16913
16914
16915
16916
16917
16918
16919
16920
16941
16942
16943
16944
16945
16946
16947
16948
16949
16951
16977
17002
17031
17044
17054
17056
17057
17107
17128
17140
17141
17153
17159
17167
17168
17179
17180
17181
17184
17188
17194
17195
17197
17199
17200
17204
17205
17206
17207
17208
17225
17227
17228
17234
17235
17237
17238
17249
17257
17263
17265
17285
17286
17288
17291
17310
17311
17312
17315
17322
17329
17330
17332
17338
17341
17349
17395
17399
17406
17410
17419
17423
17429
17452
17457
17459
17464
17483
17485
17487
17490
17493
17495
17496
17497
17498
17500
17506
17508
17518
17525
17530
17547
17555
17556
17562
17567
17577
17578
17579
17580
17590
17617
17649
17665
17670
17688
17689
17697
17702
17706
17753
17754
17757
17764
17769
17777
17784
17786
17792
17794
17796
17797
17798
17799
17800
17807
17808
17815
17823
17824
17832
17833
17834
17856
17865
17866
17867
17868
17894
17896
17897
17907
17924
17925
17934
17936
17938
17940
17942
17943
17948
17950
17954
17965
17968
17971
17973
17982
17991
17995
17996
18000
18024
18026
18027
18028
18041
18060
18072
18074
18092
18093
18096
18105
18106
18109
18137
18150
18151
18153
18154
18155
18157
18164
18175
18181
18183
18184
18200
18201
18205
18207
18208
18209
18219
18242
18249
18261
18262
18275
18296
18306
18315
18320
18321
18337
18353
18359
18365
18366
18368
18369
18375
18384
18385
18386
18387
18388
18389
18394
18419
18420
18431
18436
18437
18448
18466
18487
18499
18504
18505
18517
18537
18540
18544
18558
18560
18570
18576
18580
18602
18607
18609
18615
18662
18665
18666
18667
18688
18696
18726
18821
18876
18920
18982
19028
19049
19070
19073
19104
19109
19142
19184
19265
19297
19299
19328
19593
19826
19915
19932
20019
20076
20112
20113
20114
20173
20219
20280
20304
20321
20408
20491
20521
20571
20592
20603
20619
20679
20739
20766
20781
20923
20966
21007
21012
21029
21052
21053
21067
21104
21136
21154
21175
21190
21239
21252
21282
21312
21315
21316
21360
21383
21384
21404
21412
21423
21424
21427
21440
